R2-Score: 0.9999943506990693 
 RMSE-Score: 0.2892084038958577