R2-Score: 0.9959575724993452 
 RMSE-Score: 200.99865243878372