R2-Score: 0.9999439844008794 
 RMSE-Score: 2.877850774105638